SmartCar
400
50
0
10
59
98.3333
SmartCar
400
50
0
20
58
96.6667
SmartCar
400
50
0
30
57
95
SmartCar
400
50
0
40
56
93.3333
SmartCar
400
50
0
50
55
91.6667
SmartCar
400
50
0
60
54
90
SmartCar
400
50
0
70
53
88.3333
SmartCar
400
50
0
80
52
86.6667
SmartCar
400
50
0
90
51
85
SmartCar
400
50
0
100
50
83.3333
SmartCar
400
50
0
110
49
81.6667
SmartCar
400
50
0
120
48
80
SmartCar
400
50
0
130
47
78.3333
SmartCar
400
50
0
140
46
76.6667
SmartCar
400
50
0
150
45
75
SmartCar
400
50
0
150
44
73.3333
SmartCar
400
50
0
150
43
71.6667
SmartCar
400
50
0
150
42
70
SmartCar
400
50
0
140
41
68.3333
SmartCar
400
50
0
0
40
66.6667
SmartCar
400
50
1
0
39
65
SmartCar
400
50
2
10
38
63.3333
SmartCar
400
50
3
20
37
61.6667
SmartCar
400
50
4
30
36
60
SmartCar
400
50
5
40
35
58.3333
SmartCar
400
50
6
50
34
56.6667
SmartCar
400
50
7
60
33
55
SmartCar
400
50
8
70
32
53.3333
